   -9.39692662E-04   0.00000000       0.00000000       0.00000000       0.00000000       0.00000000       0.00000000    
   -1.87938532E-03  -140943.312      -1.24046898      -1.24041045       12831.7861       0.00000000       0.00000000    
   -2.81907781E-03  -281884.875      -2.48103976      -2.48080540       25675.6406       0.00000000       0.00000000    
   -3.75877065E-03  -422802.281      -3.72151542      -3.72098756       38531.5742       0.00000000       0.00000000    
   -4.69846325E-03  -434888.844      -3.82829785      -3.82735872       45577.2695       0.00000000       0.00000000    
   -5.63815609E-03  -575780.250      -5.06878090      -5.06731224       58457.4219       0.00000000       0.00000000    
   -6.57784892E-03  -418544.531      -3.68563318      -3.68351626       56368.9492       0.00000000       0.00000000    
   -7.51754129E-03  -411904.562      -3.62796354      -3.62507939       59514.4648       0.00000000       0.00000000    
   -8.45723413E-03  -407112.125      -3.58667326      -3.58290243       62120.4023       0.00000000       0.00000000    
   -9.39692650E-03  -403030.000      -3.55175376      -3.54697680       64238.0586       0.00000000       0.00000000    
   -1.03366198E-02  -399526.156      -3.52204347      -3.51614022       65954.9688       0.00000000       0.00000000    
   -1.12763122E-02  -396499.281      -3.49665117      -3.48950148       67342.1562       0.00000000       0.00000000    
   -1.22160055E-02  -393863.500      -3.47482157      -3.46630454       68459.6172       0.00000000       0.00000000    
   -1.31556978E-02  -391550.562      -3.45595431      -3.44594908       69355.1250       0.00000000       0.00000000    
   -1.40953911E-02  -532321.375      -4.69645643      -4.68484163       82345.0469       0.00000000       0.00000000    
   -1.50350826E-02  -384499.594      -3.39724159      -3.38389564       73536.9297       0.00000000       0.00000000    
   -1.59747750E-02  -525252.938      -4.63783360      -4.62263441       86551.4219       0.00000000       0.00000000    
   -1.69144683E-02  -378193.375      -3.34557128      -3.32839656       76478.0859       0.00000000       0.00000000    
   -1.78541616E-02  -518915.469      -4.58613300      -4.56686020       89517.2188       0.00000000       0.00000000    
   -1.87938530E-02  -373142.625      -3.30544043      -3.28394628       78553.3828       0.00000000       0.00000000    
   -1.97335463E-02  -372817.719      -3.30492592      -3.28108716       77378.8984       0.00000000       0.00000000    
   -2.06732396E-02  -373146.469      -3.31028795      -3.28398061       76468.7344       0.00000000       0.00000000    
   -2.16129310E-02  -373258.156      -3.31386352      -3.28496361       75714.9609       0.00000000       0.00000000    
   -2.25526243E-02  -373190.969      -3.31598949      -3.28437257       75086.5938       0.00000000       0.00000000    
   -2.34923176E-02  -372976.469      -3.31694365      -3.28248501       74561.7109       0.00000000       0.00000000    
   -2.44320109E-02  -513602.156      -4.55752563      -4.52010012       87687.5625       0.00000000       0.00000000    
   -2.53717024E-02  -368309.375      -3.28192925      -3.24141121       77092.9531       0.00000000       0.00000000    
   -2.63113957E-02  -367820.344      -3.28084397      -3.23710775       76073.2266       0.00000000       0.00000000    
   -2.72510890E-02  -367994.062      -3.28571773      -3.23863697       75290.3047       0.00000000       0.00000000    
   -2.81907823E-02  -367981.500      -3.28907847      -3.23852658       74641.4062       0.00000000       0.00000000    
   -2.91304737E-02  -367814.656      -3.29120827      -3.23705840       74100.1875       0.00000000       0.00000000    
   -3.00701652E-02  -367519.906      -3.29233980      -3.23446465       73648.5703       0.00000000       0.00000000    
   -3.10098566E-02  -367125.406      -3.29272103      -3.23099303       73267.2344       0.00000000       0.00000000    
   -3.19495462E-02  -507637.375      -4.53331661      -4.46760750       86493.1797       0.00000000       0.00000000    
   -3.28892395E-02  -648128.688      -5.77385855      -5.70404005       99731.7344       0.00000000       0.00000000    
